(kicad_pcb (version 20171130) (host pcbnew 5.0.2+dfsg1-1)

  (general
    (thickness 1.6)
    (drawings 22)
    (tracks 148)
    (zones 0)
    (modules 33)
    (nets 63)
  )

  (page A4)
  (layers
    (0 F.Cu signal)
    (31 B.Cu signal)
    (32 B.Adhes user)
    (33 F.Adhes user)
    (34 B.Paste user)
    (35 F.Paste user)
    (36 B.SilkS user)
    (37 F.SilkS user)
    (38 B.Mask user)
    (39 F.Mask user)
    (40 Dwgs.User user)
    (41 Cmts.User user)
    (42 Eco1.User user)
    (43 Eco2.User user)
    (44 Edge.Cuts user)
    (45 Margin user)
    (46 B.CrtYd user)
    (47 F.CrtYd user)
    (48 B.Fab user hide)
    (49 F.Fab user hide)
  )

  (setup
    (last_trace_width 0.25)
    (user_trace_width 0.2)
    (user_trace_width 0.3)
    (user_trace_width 0.5)
    (user_trace_width 0.75)
    (user_trace_width 1)
    (user_trace_width 1.5)
    (user_trace_width 2)
    (user_trace_width 2.5)
    (trace_clearance 0.2)
    (zone_clearance 0.508)
    (zone_45_only no)
    (trace_min 0.2)
    (segment_width 0.2)
    (edge_width 0.15)
    (via_size 0.8)
    (via_drill 0.4)
    (via_min_size 0.4)
    (via_min_drill 0.3)
    (uvia_size 0.3)
    (uvia_drill 0.1)
    (uvias_allowed no)
    (uvia_min_size 0.2)
    (uvia_min_drill 0.1)
    (pcb_text_width 0.3)
    (pcb_text_size 1.5 1.5)
    (mod_edge_width 0.15)
    (mod_text_size 1 1)
    (mod_text_width 0.15)
    (pad_size 2.5 2.5)
    (pad_drill 2.5)
    (pad_to_mask_clearance 0.051)
    (solder_mask_min_width 0.25)
    (aux_axis_origin 0 0)
    (grid_origin 29.9974 0)
    (visible_elements FFFFEF7F)
    (pcbplotparams
      (layerselection 0x010fc_ffffffff)
      (usegerberextensions false)
      (usegerberattributes false)
      (usegerberadvancedattributes false)
      (creategerberjobfile false)
      (excludeedgelayer true)
      (linewidth 0.100000)
      (plotframeref false)
      (viasonmask false)
      (mode 1)
      (useauxorigin false)
      (hpglpennumber 1)
      (hpglpenspeed 20)
      (hpglpendiameter 15.000000)
      (psnegative false)
      (psa4output false)
      (plotreference true)
      (plotvalue true)
      (plotinvisibletext false)
      (padsonsilk false)
      (subtractmaskfromsilk false)
      (outputformat 1)
      (mirror false)
      (drillshape 1)
      (scaleselection 1)
      (outputdirectory ""))
  )

  (net 0 "")
  (net 1 GND)
  (net 2 +3V3)
  (net 3 "Net-(Q1-Pad1)")
  (net 4 "Net-(Q1-Pad2)")
  (net 5 "Net-(R1-Pad2)")
  (net 6 "Net-(R5-Pad2)")
  (net 7 "Net-(R6-Pad2)")
  (net 8 +5V)
  (net 9 "Net-(RP1-Pad40)")
  (net 10 "Net-(RP1-Pad38)")
  (net 11 "Net-(RP1-Pad36)")
  (net 12 "Net-(RP1-Pad32)")
  (net 13 "Net-(RP1-Pad26)")
  (net 14 "Net-(RP1-Pad18)")
  (net 15 "Net-(RP1-Pad16)")
  (net 16 "Net-(RP1-Pad15)")
  (net 17 "Net-(RP1-Pad12)")
  (net 18 "Net-(RP1-Pad10)")
  (net 19 "Net-(RP1-Pad8)")
  (net 20 "Net-(RP1-Pad28)")
  (net 21 "Net-(RP1-Pad27)")
  (net 22 "Net-(D1-Pad2)")
  (net 23 /LED_BLUE)
  (net 24 /LED_GREEN)
  (net 25 /LED_RED)
  (net 26 "Net-(D3-Pad2)")
  (net 27 "Net-(D4-Pad2)")
  (net 28 "Net-(D2-Pad2)")
  (net 29 /COM_A)
  (net 30 /E0)
  (net 31 /ED0)
  (net 32 /SD0)
  (net 33 /S0)
  (net 34 "Net-(U1-Pad15)")
  (net 35 "Net-(U1-Pad6)")
  (net 36 "Net-(U1-Pad25)")
  (net 37 "Net-(U1-Pad5)")
  (net 38 "Net-(U1-Pad24)")
  (net 39 "Net-(U1-Pad4)")
  (net 40 "Net-(U1-Pad23)")
  (net 41 "Net-(RP1-Pad13)")
  (net 42 "Net-(RP1-Pad11)")
  (net 43 "Net-(C3-Pad1)")
  (net 44 "Net-(C1-Pad1)")
  (net 45 /RST_N)
  (net 46 /MISO)
  (net 47 /MOSI)
  (net 48 /SCK)
  (net 49 "Net-(C4-Pad1)")
  (net 50 /GPIO4)
  (net 51 /GPIO3)
  (net 52 /GPIO2)
  (net 53 "Net-(R9-Pad1)")
  (net 54 "Net-(R12-Pad2)")
  (net 55 "Net-(R11-Pad2)")
  (net 56 "Net-(R10-Pad2)")
  (net 57 "Net-(D5-Pad2)")
  (net 58 "Net-(RP1-Pad35)")
  (net 59 /_E)
  (net 60 /_S0)
  (net 61 /_SD0)
  (net 62 /SPI_CS)

  (net_class Default "Dies ist die voreingestellte Netzklasse."
    (clearance 0.2)
    (trace_width 0.25)
    (via_dia 0.8)
    (via_drill 0.4)
    (uvia_dia 0.3)
    (uvia_drill 0.1)
    (add_net +3V3)
    (add_net +5V)
    (add_net /COM_A)
    (add_net /E0)
    (add_net /ED0)
    (add_net /GPIO2)
    (add_net /GPIO3)
    (add_net /GPIO4)
    (add_net /LED_BLUE)
    (add_net /LED_GREEN)
    (add_net /LED_RED)
    (add_net /MISO)
    (add_net /MOSI)
    (add_net /RST_N)
    (add_net /S0)
    (add_net /SCK)
    (add_net /SD0)
    (add_net /SPI_CS)
    (add_net /_E)
    (add_net /_S0)
    (add_net /_SD0)
    (add_net GND)
    (add_net "Net-(C1-Pad1)")
    (add_net "Net-(C3-Pad1)")
    (add_net "Net-(C4-Pad1)")
    (add_net "Net-(D1-Pad2)")
    (add_net "Net-(D2-Pad2)")
    (add_net "Net-(D3-Pad2)")
    (add_net "Net-(D4-Pad2)")
    (add_net "Net-(D5-Pad2)")
    (add_net "Net-(Q1-Pad1)")
    (add_net "Net-(Q1-Pad2)")
    (add_net "Net-(R1-Pad2)")
    (add_net "Net-(R10-Pad2)")
    (add_net "Net-(R11-Pad2)")
    (add_net "Net-(R12-Pad2)")
    (add_net "Net-(R5-Pad2)")
    (add_net "Net-(R6-Pad2)")
    (add_net "Net-(R9-Pad1)")
    (add_net "Net-(RP1-Pad10)")
    (add_net "Net-(RP1-Pad11)")
    (add_net "Net-(RP1-Pad12)")
    (add_net "Net-(RP1-Pad13)")
    (add_net "Net-(RP1-Pad15)")
    (add_net "Net-(RP1-Pad16)")
    (add_net "Net-(RP1-Pad18)")
    (add_net "Net-(RP1-Pad26)")
    (add_net "Net-(RP1-Pad27)")
    (add_net "Net-(RP1-Pad28)")
    (add_net "Net-(RP1-Pad32)")
    (add_net "Net-(RP1-Pad35)")
    (add_net "Net-(RP1-Pad36)")
    (add_net "Net-(RP1-Pad38)")
    (add_net "Net-(RP1-Pad40)")
    (add_net "Net-(RP1-Pad8)")
    (add_net "Net-(U1-Pad15)")
    (add_net "Net-(U1-Pad23)")
    (add_net "Net-(U1-Pad24)")
    (add_net "Net-(U1-Pad25)")
    (add_net "Net-(U1-Pad4)")
    (add_net "Net-(U1-Pad5)")
    (add_net "Net-(U1-Pad6)")
  )

  (module Raspberry-Pi-3-library-for-kicad:raspberrypi_2_3 (layer F.Cu) (tedit 5C5E4138) (tstamp 5E14E5DD)
    (at 146.544801 76.346001)
    (descr "RaspberryPi 2")
    (tags CONN)
    (path /5E1B829E)
    (fp_text reference RP1 (at 0 -8.9) (layer F.Fab)
      (effects (font (size 2 2) (thickness 0.25)))
    )
    (fp_text value Raspberry_Pi_2_3 (at 0.1 -5.7) (layer F.Fab)
      (effects (font (size 2 2) (thickness 0.25)))
    )
    (fp_text user "By Lukaneco" (at 23.7 -6.8) (layer F.Fab)
      (effects (font (size 1 1) (thickness 0.15)))
    )
    (fp_line (start 25.39492 2.54) (end 25.39492 -2.54) (layer F.Fab) (width 0.15))
    (fp_line (start -25.4 -2.54) (end -25.4 2.54) (layer F.Fab) (width 0.15))
    (fp_line (start 25.4 2.54) (end -25.4 2.54) (layer F.Fab) (width 0.15))
    (fp_line (start -25.4 -2.54) (end 25.4 -2.54) (layer F.Fab) (width 0.15))
    (fp_arc (start -29 0) (end -32.5 0) (angle 90) (layer F.Fab) (width 0.15))
    (fp_arc (start -29 49) (end -29 52.5) (angle 90) (layer F.Fab) (width 0.15))
    (fp_line (start -29 52.5) (end 49.5 52.5) (layer F.Fab) (width 0.15))
    (fp_arc (start 49.5 49.5) (end 52.5 49.5) (angle 90) (layer F.Fab) (width 0.15))
    (fp_line (start 52.5 49.5) (end 52.5 -0.5) (layer F.Fab) (width 0.15))
    (fp_arc (start 49.5 -0.5) (end 49.5 -3.5) (angle 90) (layer F.Fab) (width 0.15))
    (fp_line (start 49.5 -3.5) (end -29 -3.5) (layer F.Fab) (width 0.15))
    (fp_line (start -32.5 49) (end -32.5 0) (layer F.Fab) (width 0.15))
    (fp_line (start 37.5 -1) (end 54.6 -1) (layer B.CrtYd) (width 0.15))
    (fp_line (start 54.6 12.1) (end 54.6 -1) (layer B.CrtYd) (width 0.15))
    (fp_line (start 37.5 -1) (end 37.5 12.1) (layer B.CrtYd) (width 0.15))
    (fp_line (start 54.6 12.1) (end 37.5 12.1) (layer B.CrtYd) (width 0.15))
    (fp_line (start 54.6 30.1) (end 54.6 17) (layer B.CrtYd) (width 0.15))
    (fp_line (start 54.6 30.1) (end 37.5 30.1) (layer B.CrtYd) (width 0.15))
    (fp_line (start 37.5 30.1) (end 37.5 17) (layer B.CrtYd) (width 0.15))
    (fp_line (start 37.5 17) (end 54.6 17) (layer B.CrtYd) (width 0.15))
    (fp_line (start 33.6 34.3) (end 54.6 34.3) (layer B.CrtYd) (width 0.15))
    (fp_line (start 54.6 50.2) (end 33.6 50.2) (layer B.CrtYd) (width 0.15))
    (fp_line (start 33.6 50.2) (end 33.6 34.3) (layer B.CrtYd) (width 0.15))
    (fp_line (start 54.6 50.2) (end 54.6 34.3) (layer B.CrtYd) (width 0.15))
    (fp_line (start -17.9 16.4) (end -17.9 31) (layer B.CrtYd) (width 0.15))
    (fp_line (start -17.9 31) (end -32.5 31) (layer B.CrtYd) (width 0.15))
    (fp_line (start -17.9 16.4) (end -32.5 16.4) (layer B.CrtYd) (width 0.15))
    (fp_line (start 24 55) (end 24 37) (layer B.CrtYd) (width 0.15))
    (fp_line (start 24 37) (end 18 37) (layer B.CrtYd) (width 0.15))
    (fp_line (start 18 37) (end 18 55) (layer B.CrtYd) (width 0.15))
    (fp_line (start 18 55) (end 24 55) (layer B.CrtYd) (width 0.15))
    (fp_line (start 7 52.5) (end 7 41.8) (layer B.CrtYd) (width 0.15))
    (fp_line (start -8 41.8) (end 7 41.8) (layer B.CrtYd) (width 0.15))
    (fp_line (start -8 41.8) (end -8 52.5) (layer B.CrtYd) (width 0.15))
    (fp_line (start -25.7 52.5) (end -25.7 47.5) (layer B.CrtYd) (width 0.15))
    (fp_line (start -18.2 52.5) (end -18.2 47.5) (layer B.CrtYd) (width 0.15))
    (fp_line (start -18.2 47.5) (end -25.7 47.5) (layer B.CrtYd) (width 0.15))
    (fp_line (start 7 52.5) (end -8 52.5) (layer B.CrtYd) (width 0.15))
    (fp_line (start -18.2 52.5) (end -25.7 52.5) (layer B.CrtYd) (width 0.15))
    (fp_line (start -32.5 16.4) (end -32.5 31) (layer B.CrtYd) (width 0.15))
    (pad "" np_thru_hole circle (at 29 49) (size 2.75 2.75) (drill 2.75) (layers *.Cu *.Mask F.SilkS))
    (pad "" np_thru_hole circle (at -29 49) (size 2.75 2.75) (drill 2.75) (layers *.Cu *.Mask F.SilkS))
    (pad "" np_thru_hole circle (at 29 0) (size 2.75 2.75) (drill 2.75) (layers *.Cu *.Mask F.SilkS))
    (pad "" np_thru_hole circle (at -29 0) (size 2.75 2.75) (drill 2.75) (layers *.Cu *.Mask F.SilkS))
    (pad 39 thru_hole circle (at 24.13 1.27) (size 1.75 1.75) (drill 1.016) (layers *.Cu *.Mask F.SilkS)
      (net 1 GND))
    (pad 40 thru_hole circle (at 24.13 -1.27) (size 1.75 1.75) (drill 1.016) (layers *.Cu *.Mask F.SilkS)
      (net 9 "Net-(RP1-Pad40)"))
    (pad 37 thru_hole circle (at 21.59 1.27) (size 1.75 1.75) (drill 1.016) (layers *.Cu *.Mask F.SilkS)
      (net 25 /LED_RED))
    (pad 38 thru_hole circle (at 21.59 -1.27) (size 1.75 1.75) (drill 1.016) (layers *.Cu *.Mask F.SilkS)
      (net 10 "Net-(RP1-Pad38)"))
    (pad 35 thru_hole circle (at 19.05 1.27) (size 1.75 1.75) (drill 1.016) (layers *.Cu *.Mask F.SilkS)
      (net 58 "Net-(RP1-Pad35)"))
    (pad 36 thru_hole circle (at 19.05 -1.27) (size 1.75 1.75) (drill 1.016) (layers *.Cu *.Mask F.SilkS)
      (net 11 "Net-(RP1-Pad36)"))
    (pad 33 thru_hole circle (at 16.51 1.27) (size 1.75 1.75) (drill 1.016) (layers *.Cu *.Mask F.SilkS)
      (net 24 /LED_GREEN))
    (pad 34 thru_hole circle (at 16.51 -1.27) (size 1.75 1.75) (drill 1.016) (layers *.Cu *.Mask F.SilkS)
      (net 1 GND))
    (pad 31 thru_hole circle (at 13.97 1.27) (size 1.75 1.75) (drill 1.016) (layers *.Cu *.Mask F.SilkS)
      (net 23 /LED_BLUE))
    (pad 32 thru_hole circle (at 13.97 -1.27) (size 1.75 1.75) (drill 1.016) (layers *.Cu *.Mask F.SilkS)
      (net 12 "Net-(RP1-Pad32)"))
    (pad 26 thru_hole circle (at 6.35 -1.27) (size 1.75 1.75) (drill 1.016) (layers *.Cu *.Mask F.SilkS)
      (net 13 "Net-(RP1-Pad26)"))
    (pad 25 thru_hole circle (at 6.35 1.27) (size 1.75 1.75) (drill 1.016) (layers *.Cu *.Mask F.SilkS)
      (net 1 GND))
    (pad 22 thru_hole circle (at 1.27 -1.27) (size 1.75 1.75) (drill 1.016) (layers *.Cu *.Mask F.SilkS)
      (net 45 /RST_N))
    (pad 21 thru_hole circle (at 1.27 1.27) (size 1.75 1.75) (drill 1.016) (layers *.Cu *.Mask F.SilkS)
      (net 46 /MISO))
    (pad 20 thru_hole circle (at -1.27 -1.27) (size 1.75 1.75) (drill 1.016) (layers *.Cu *.Mask F.SilkS)
      (net 1 GND))
    (pad 19 thru_hole circle (at -1.27 1.27) (size 1.75 1.75) (drill 1.016) (layers *.Cu *.Mask F.SilkS)
      (net 47 /MOSI))
    (pad 18 thru_hole circle (at -3.81 -1.27) (size 1.75 1.75) (drill 1.016) (layers *.Cu *.Mask F.SilkS)
      (net 14 "Net-(RP1-Pad18)"))
    (pad 17 thru_hole circle (at -3.81 1.27) (size 1.75 1.75) (drill 1.016) (layers *.Cu *.Mask F.SilkS)
      (net 2 +3V3))
    (pad 16 thru_hole circle (at -6.35 -1.27) (size 1.75 1.75) (drill 1.016) (layers *.Cu *.Mask F.SilkS)
      (net 15 "Net-(RP1-Pad16)"))
    (pad 15 thru_hole circle (at -6.35 1.27) (size 1.75 1.75) (drill 1.016) (layers *.Cu *.Mask F.SilkS)
      (net 16 "Net-(RP1-Pad15)"))
    (pad 14 thru_hole circle (at -8.89 -1.27) (size 1.75 1.75) (drill 1.016) (layers *.Cu *.Mask F.SilkS)
      (net 1 GND))
    (pad 13 thru_hole circle (at -8.89 1.27) (size 1.75 1.75) (drill 1.016) (layers *.Cu *.Mask F.SilkS)
      (net 41 "Net-(RP1-Pad13)"))
    (pad 12 thru_hole circle (at -11.43 -1.27) (size 1.75 1.75) (drill 1.016) (layers *.Cu *.Mask F.SilkS)
      (net 17 "Net-(RP1-Pad12)"))
    (pad 11 thru_hole circle (at -11.43 1.27) (size 1.75 1.75) (drill 1.016) (layers *.Cu *.Mask F.SilkS)
      (net 42 "Net-(RP1-Pad11)"))
    (pad 10 thru_hole circle (at -13.97 -1.27) (size 1.75 1.75) (drill 1.016) (layers *.Cu *.Mask F.SilkS)
      (net 18 "Net-(RP1-Pad10)"))
    (pad 9 thru_hole circle (at -13.97 1.27) (size 1.75 1.75) (drill 1.016) (layers *.Cu *.Mask F.SilkS)
      (net 1 GND))
    (pad 8 thru_hole circle (at -16.51 -1.27) (size 1.75 1.75) (drill 1.016) (layers *.Cu *.Mask F.SilkS)
      (net 19 "Net-(RP1-Pad8)"))
    (pad 7 thru_hole circle (at -16.51 1.27) (size 1.75 1.75) (drill 1.016) (layers *.Cu *.Mask F.SilkS)
      (net 50 /GPIO4))
    (pad 6 thru_hole circle (at -19.05 -1.27) (size 1.75 1.75) (drill 1.016) (layers *.Cu *.Mask F.SilkS)
      (net 1 GND))
    (pad 5 thru_hole circle (at -19.05 1.27) (size 1.75 1.75) (drill 1.016) (layers *.Cu *.Mask F.SilkS)
      (net 51 /GPIO3))
    (pad 4 thru_hole circle (at -21.59 -1.27) (size 1.75 1.75) (drill 1.016) (layers *.Cu *.Mask F.SilkS)
      (net 8 +5V))
    (pad 3 thru_hole circle (at -21.59 1.27) (size 1.75 1.75) (drill 1.016) (layers *.Cu *.Mask F.SilkS)
      (net 52 /GPIO2))
    (pad 2 thru_hole circle (at -24.13 -1.27) (size 1.75 1.75) (drill 1.016) (layers *.Cu *.Mask F.SilkS)
      (net 8 +5V))
    (pad 1 thru_hole rect (at -24.13 1.27) (size 1.75 1.75) (drill 1.016) (layers *.Cu *.Mask F.SilkS)
      (net 2 +3V3))
    (pad 23 thru_hole circle (at 3.81 1.27) (size 1.75 1.75) (drill 1.016) (layers *.Cu *.Mask F.SilkS)
      (net 48 /SCK))
    (pad 24 thru_hole circle (at 3.81 -1.27) (size 1.75 1.75) (drill 1.016) (layers *.Cu *.Mask F.SilkS)
      (net 62 /SPI_CS))
    (pad 30 thru_hole circle (at 11.43 -1.27) (size 1.75 1.75) (drill 1.016) (layers *.Cu *.Mask F.SilkS)
      (net 1 GND))
    (pad 29 thru_hole circle (at 11.43 1.27) (size 1.75 1.75) (drill 1.016) (layers *.Cu *.Mask F.SilkS)
      (net 29 /COM_A))
    (pad 28 thru_hole circle (at 8.89 -1.27) (size 1.75 1.75) (drill 1.016) (layers *.Cu *.Mask F.SilkS)
      (net 20 "Net-(RP1-Pad28)"))
    (pad 27 thru_hole circle (at 8.89 1.27) (size 1.75 1.75) (drill 1.016) (layers *.Cu *.Mask F.SilkS)
      (net 21 "Net-(RP1-Pad27)"))
    (model unsorted/raspberryPi3b-simple.wrl
      (offset (xyz 9.905999851226808 -24.5871996307373 -18.28799972534179))
      (scale (xyz 1 1 1))
      (rotate (xyz 90 180 180))
    )
    (model Pin_Header/Pin_Header_Straight_Female_2x20_RaspPi.wrl
      (offset (xyz 0 0 -6.349999904632568))
      (scale (xyz 1 1 1))
      (rotate (xyz 90 0 90))
    )
  )

  (module LEDs:LED_D3.0mm (layer F.Cu) (tedit 587A3A7B) (tstamp 5E157FC5)
    (at 175.7172 82.0166 180)
    (descr "LED, diameter 3.0mm, 2 pins")
    (tags "LED diameter 3.0mm 2 pins")
    (path /5E4EBF18)
    (fp_text reference D5 (at 1.143 -1.651 180) (layer F.SilkS)
      (effects (font (size 1 1) (thickness 0.15)))
    )
    (fp_text value LED (at 1.27 2.96 180) (layer F.Fab)
      (effects (font (size 1 1) (thickness 0.15)))
    )
    (fp_line (start 3.7 -2.25) (end -1.15 -2.25) (layer F.CrtYd) (width 0.05))
    (fp_line (start 3.7 2.25) (end 3.7 -2.25) (layer F.CrtYd) (width 0.05))
    (fp_line (start -1.15 2.25) (end 3.7 2.25) (layer F.CrtYd) (width 0.05))
    (fp_line (start -1.15 -2.25) (end -1.15 2.25) (layer F.CrtYd) (width 0.05))
    (fp_line (start -0.29 1.08) (end -0.29 1.236) (layer F.SilkS) (width 0.12))
    (fp_line (start -0.29 -1.236) (end -0.29 -1.08) (layer F.SilkS) (width 0.12))
    (fp_line (start -0.23 -1.16619) (end -0.23 1.16619) (layer F.Fab) (width 0.1))
    (fp_circle (center 1.27 0) (end 2.77 0) (layer F.Fab) (width 0.1))
    (fp_arc (start 1.27 0) (end 0.229039 1.08) (angle -87.9) (layer F.SilkS) (width 0.12))
    (fp_arc (start 1.27 0) (end 0.229039 -1.08) (angle 87.9) (layer F.SilkS) (width 0.12))
    (fp_arc (start 1.27 0) (end -0.29 1.235516) (angle -108.8) (layer F.SilkS) (width 0.12))
    (fp_arc (start 1.27 0) (end -0.29 -1.235516) (angle 108.8) (layer F.SilkS) (width 0.12))
    (fp_arc (start 1.27 0) (end -0.23 -1.16619) (angle 284.3) (layer F.Fab) (width 0.1))
    (pad 2 thru_hole circle (at 2.54 0 180) (size 1.8 1.8) (drill 0.9) (layers *.Cu *.Mask)
      (net 57 "Net-(D5-Pad2)"))
    (pad 1 thru_hole rect (at 0 0 180) (size 1.8 1.8) (drill 0.9) (layers *.Cu *.Mask)
      (net 1 GND))
    (model ${KISYS3DMOD}/LEDs.3dshapes/LED_D3.0mm.wrl
      (at (xyz 0 0 0))
      (scale (xyz 0.393701 0.393701 0.393701))
      (rotate (xyz 0 0 0))
    )
  )

  (module Resistors_ThroughHole:R_Axial_DIN0207_L6.3mm_D2.5mm_P7.62mm_Horizontal (layer F.Cu) (tedit 5874F706) (tstamp 5E157EA2)
    (at 170.6372 82.0166 180)
    (descr "Resistor, Axial_DIN0207 series, Axial, Horizontal, pin pitch=7.62mm, 0.25W = 1/4W, length*diameter=6.3*2.5mm^2, http://cdn-reichelt.de/documents/datenblatt/B400/1_4W%23YAG.pdf")
    (tags "Resistor Axial_DIN0207 series Axial Horizontal pin pitch 7.62mm 0.25W = 1/4W length 6.3mm diameter 2.5mm")
    (path /5E4EBF11)
    (fp_text reference R14 (at 3.683 0 180) (layer F.SilkS)
      (effects (font (size 1 1) (thickness 0.15)))
    )
    (fp_text value 470 (at 3.81 2.31 180) (layer F.Fab)
      (effects (font (size 1 1) (thickness 0.15)))
    )
    (fp_line (start 8.7 -1.6) (end -1.05 -1.6) (layer F.CrtYd) (width 0.05))
    (fp_line (start 8.7 1.6) (end 8.7 -1.6) (layer F.CrtYd) (width 0.05))
    (fp_line (start -1.05 1.6) (end 8.7 1.6) (layer F.CrtYd) (width 0.05))
    (fp_line (start -1.05 -1.6) (end -1.05 1.6) (layer F.CrtYd) (width 0.05))
    (fp_line (start 7.02 1.31) (end 7.02 0.98) (layer F.SilkS) (width 0.12))
    (fp_line (start 0.6 1.31) (end 7.02 1.31) (layer F.SilkS) (width 0.12))
    (fp_line (start 0.6 0.98) (end 0.6 1.31) (layer F.SilkS) (width 0.12))
    (fp_line (start 7.02 -1.31) (end 7.02 -0.98) (layer F.SilkS) (width 0.12))
    (fp_line (start 0.6 -1.31) (end 7.02 -1.31) (layer F.SilkS) (width 0.12))
    (fp_line (start 0.6 -0.98) (end 0.6 -1.31) (layer F.SilkS) (width 0.12))
    (fp_line (start 7.62 0) (end 6.96 0) (layer F.Fab) (width 0.1))
    (fp_line (start 0 0) (end 0.66 0) (layer F.Fab) (width 0.1))
    (fp_line (start 6.96 -1.25) (end 0.66 -1.25) (layer F.Fab) (width 0.1))
    (fp_line (start 6.96 1.25) (end 6.96 -1.25) (layer F.Fab) (width 0.1))
    (fp_line (start 0.66 1.25) (end 6.96 1.25) (layer F.Fab) (width 0.1))
    (fp_line (start 0.66 -1.25) (end 0.66 1.25) (layer F.Fab) (width 0.1))
    (pad 2 thru_hole oval (at 7.62 0 180) (size 1.6 1.6) (drill 0.8) (layers *.Cu *.Mask)
      (net 24 /LED_GREEN))
    (pad 1 thru_hole circle (at 0 0 180) (size 1.6 1.6) (drill 0.8) (layers *.Cu *.Mask)
      (net 57 "Net-(D5-Pad2)"))
    (model ${KISYS3DMOD}/Resistors_THT.3dshapes/R_Axial_DIN0207_L6.3mm_D2.5mm_P7.62mm_Horizontal.wrl
      (at (xyz 0 0 0))
      (scale (xyz 0.393701 0.393701 0.393701))
      (rotate (xyz 0 0 0))
    )
  )

  (module LEDs:LED_D3.0mm (layer F.Cu) (tedit 587A3A7B) (tstamp 5E154F3E)
    (at 175.7172 86.5886 180)
    (descr "LED, diameter 3.0mm, 2 pins")
    (tags "LED diameter 3.0mm 2 pins")
    (path /5E4AE788)
    (fp_text reference D4 (at 1.143 -1.651 180) (layer F.SilkS)
      (effects (font (size 1 1) (thickness 0.15)))
    )
    (fp_text value LED (at 1.27 2.96 180) (layer F.Fab)
      (effects (font (size 1 1) (thickness 0.15)))
    )
    (fp_arc (start 1.27 0) (end -0.23 -1.16619) (angle 284.3) (layer F.Fab) (width 0.1))
    (fp_arc (start 1.27 0) (end -0.29 -1.235516) (angle 108.8) (layer F.SilkS) (width 0.12))
    (fp_arc (start 1.27 0) (end -0.29 1.235516) (angle -108.8) (layer F.SilkS) (width 0.12))
    (fp_arc (start 1.27 0) (end 0.229039 -1.08) (angle 87.9) (layer F.SilkS) (width 0.12))
    (fp_arc (start 1.27 0) (end 0.229039 1.08) (angle -87.9) (layer F.SilkS) (width 0.12))
    (fp_circle (center 1.27 0) (end 2.77 0) (layer F.Fab) (width 0.1))
    (fp_line (start -0.23 -1.16619) (end -0.23 1.16619) (layer F.Fab) (width 0.1))
    (fp_line (start -0.29 -1.236) (end -0.29 -1.08) (layer F.SilkS) (width 0.12))
    (fp_line (start -0.29 1.08) (end -0.29 1.236) (layer F.SilkS) (width 0.12))
    (fp_line (start -1.15 -2.25) (end -1.15 2.25) (layer F.CrtYd) (width 0.05))
    (fp_line (start -1.15 2.25) (end 3.7 2.25) (layer F.CrtYd) (width 0.05))
    (fp_line (start 3.7 2.25) (end 3.7 -2.25) (layer F.CrtYd) (width 0.05))
    (fp_line (start 3.7 -2.25) (end -1.15 -2.25) (layer F.CrtYd) (width 0.05))
    (pad 1 thru_hole rect (at 0 0 180) (size 1.8 1.8) (drill 0.9) (layers *.Cu *.Mask)
      (net 1 GND))
    (pad 2 thru_hole circle (at 2.54 0 180) (size 1.8 1.8) (drill 0.9) (layers *.Cu *.Mask)
      (net 27 "Net-(D4-Pad2)"))
    (model ${KISYS3DMOD}/LEDs.3dshapes/LED_D3.0mm.wrl
      (at (xyz 0 0 0))
      (scale (xyz 0.393701 0.393701 0.393701))
      (rotate (xyz 0 0 0))
    )
  )

  (module Resistors_ThroughHole:R_Axial_DIN0207_L6.3mm_D2.5mm_P7.62mm_Horizontal (layer F.Cu) (tedit 5874F706) (tstamp 5E154DDC)
    (at 170.6372 86.5886 180)
    (descr "Resistor, Axial_DIN0207 series, Axial, Horizontal, pin pitch=7.62mm, 0.25W = 1/4W, length*diameter=6.3*2.5mm^2, http://cdn-reichelt.de/documents/datenblatt/B400/1_4W%23YAG.pdf")
    (tags "Resistor Axial_DIN0207 series Axial Horizontal pin pitch 7.62mm 0.25W = 1/4W length 6.3mm diameter 2.5mm")
    (path /5E4AE770)
    (fp_text reference R13 (at 3.683 -0.127 180) (layer F.SilkS)
      (effects (font (size 1 1) (thickness 0.15)))
    )
    (fp_text value 470 (at 3.81 2.31 180) (layer F.Fab)
      (effects (font (size 1 1) (thickness 0.15)))
    )
    (fp_line (start 8.7 -1.6) (end -1.05 -1.6) (layer F.CrtYd) (width 0.05))
    (fp_line (start 8.7 1.6) (end 8.7 -1.6) (layer F.CrtYd) (width 0.05))
    (fp_line (start -1.05 1.6) (end 8.7 1.6) (layer F.CrtYd) (width 0.05))
    (fp_line (start -1.05 -1.6) (end -1.05 1.6) (layer F.CrtYd) (width 0.05))
    (fp_line (start 7.02 1.31) (end 7.02 0.98) (layer F.SilkS) (width 0.12))
    (fp_line (start 0.6 1.31) (end 7.02 1.31) (layer F.SilkS) (width 0.12))
    (fp_line (start 0.6 0.98) (end 0.6 1.31) (layer F.SilkS) (width 0.12))
    (fp_line (start 7.02 -1.31) (end 7.02 -0.98) (layer F.SilkS) (width 0.12))
    (fp_line (start 0.6 -1.31) (end 7.02 -1.31) (layer F.SilkS) (width 0.12))
    (fp_line (start 0.6 -0.98) (end 0.6 -1.31) (layer F.SilkS) (width 0.12))
    (fp_line (start 7.62 0) (end 6.96 0) (layer F.Fab) (width 0.1))
    (fp_line (start 0 0) (end 0.66 0) (layer F.Fab) (width 0.1))
    (fp_line (start 6.96 -1.25) (end 0.66 -1.25) (layer F.Fab) (width 0.1))
    (fp_line (start 6.96 1.25) (end 6.96 -1.25) (layer F.Fab) (width 0.1))
    (fp_line (start 0.66 1.25) (end 6.96 1.25) (layer F.Fab) (width 0.1))
    (fp_line (start 0.66 -1.25) (end 0.66 1.25) (layer F.Fab) (width 0.1))
    (pad 2 thru_hole oval (at 7.62 0 180) (size 1.6 1.6) (drill 0.8) (layers *.Cu *.Mask)
      (net 23 /LED_BLUE))
    (pad 1 thru_hole circle (at 0 0 180) (size 1.6 1.6) (drill 0.8) (layers *.Cu *.Mask)
      (net 27 "Net-(D4-Pad2)"))
    (model ${KISYS3DMOD}/Resistors_THT.3dshapes/R_Axial_DIN0207_L6.3mm_D2.5mm_P7.62mm_Horizontal.wrl
      (at (xyz 0 0 0))
      (scale (xyz 0.393701 0.393701 0.393701))
      (rotate (xyz 0 0 0))
    )
  )

  (module LEDs:LED_D3.0mm (layer F.Cu) (tedit 587A3A7B) (tstamp 5E1528CE)
    (at 175.7172 91.1606 180)
    (descr "LED, diameter 3.0mm, 2 pins")
    (tags "LED diameter 3.0mm 2 pins")
    (path /5E47F585)
    (fp_text reference D1 (at 1.143 -1.651 180) (layer F.SilkS)
      (effects (font (size 1 1) (thickness 0.15)))
    )
    (fp_text value LED (at 1.27 2.96 180) (layer F.Fab)
      (effects (font (size 1 1) (thickness 0.15)))
    )
    (fp_line (start 3.7 -2.25) (end -1.15 -2.25) (layer F.CrtYd) (width 0.05))
    (fp_line (start 3.7 2.25) (end 3.7 -2.25) (layer F.CrtYd) (width 0.05))
    (fp_line (start -1.15 2.25) (end 3.7 2.25) (layer F.CrtYd) (width 0.05))
    (fp_line (start -1.15 -2.25) (end -1.15 2.25) (layer F.CrtYd) (width 0.05))
    (fp_line (start -0.29 1.08) (end -0.29 1.236) (layer F.SilkS) (width 0.12))
    (fp_line (start -0.29 -1.236) (end -0.29 -1.08) (layer F.SilkS) (width 0.12))
    (fp_line (start -0.23 -1.16619) (end -0.23 1.16619) (layer F.Fab) (width 0.1))
    (fp_circle (center 1.27 0) (end 2.77 0) (layer F.Fab) (width 0.1))
    (fp_arc (start 1.27 0) (end 0.229039 1.08) (angle -87.9) (layer F.SilkS) (width 0.12))
    (fp_arc (start 1.27 0) (end 0.229039 -1.08) (angle 87.9) (layer F.SilkS) (width 0.12))
    (fp_arc (start 1.27 0) (end -0.29 1.235516) (angle -108.8) (layer F.SilkS) (width 0.12))
    (fp_arc (start 1.27 0) (end -0.29 -1.235516) (angle 108.8) (layer F.SilkS) (width 0.12))
    (fp_arc (start 1.27 0) (end -0.23 -1.16619) (angle 284.3) (layer F.Fab) (width 0.1))
    (pad 2 thru_hole circle (at 2.54 0 180) (size 1.8 1.8) (drill 0.9) (layers *.Cu *.Mask)
      (net 22 "Net-(D1-Pad2)"))
    (pad 1 thru_hole rect (at 0 0 180) (size 1.8 1.8) (drill 0.9) (layers *.Cu *.Mask)
      (net 1 GND))
    (model ${KISYS3DMOD}/LEDs.3dshapes/LED_D3.0mm.wrl
      (at (xyz 0 0 0))
      (scale (xyz 0.393701 0.393701 0.393701))
      (rotate (xyz 0 0 0))
    )
  )

  (module LEDs:LED_D3.0mm (layer F.Cu) (tedit 587A3A7B) (tstamp 5E1528BB)
    (at 175.7172 95.6056 180)
    (descr "LED, diameter 3.0mm, 2 pins")
    (tags "LED diameter 3.0mm 2 pins")
    (path /5E47F6FB)
    (fp_text reference D2 (at 1.143 -1.778 180) (layer F.SilkS)
      (effects (font (size 1 1) (thickness 0.15)))
    )
    (fp_text value LED (at 1.27 2.96 180) (layer F.Fab)
      (effects (font (size 1 1) (thickness 0.15)))
    )
    (fp_arc (start 1.27 0) (end -0.23 -1.16619) (angle 284.3) (layer F.Fab) (width 0.1))
    (fp_arc (start 1.27 0) (end -0.29 -1.235516) (angle 108.8) (layer F.SilkS) (width 0.12))
    (fp_arc (start 1.27 0) (end -0.29 1.235516) (angle -108.8) (layer F.SilkS) (width 0.12))
    (fp_arc (start 1.27 0) (end 0.229039 -1.08) (angle 87.9) (layer F.SilkS) (width 0.12))
    (fp_arc (start 1.27 0) (end 0.229039 1.08) (angle -87.9) (layer F.SilkS) (width 0.12))
    (fp_circle (center 1.27 0) (end 2.77 0) (layer F.Fab) (width 0.1))
    (fp_line (start -0.23 -1.16619) (end -0.23 1.16619) (layer F.Fab) (width 0.1))
    (fp_line (start -0.29 -1.236) (end -0.29 -1.08) (layer F.SilkS) (width 0.12))
    (fp_line (start -0.29 1.08) (end -0.29 1.236) (layer F.SilkS) (width 0.12))
    (fp_line (start -1.15 -2.25) (end -1.15 2.25) (layer F.CrtYd) (width 0.05))
    (fp_line (start -1.15 2.25) (end 3.7 2.25) (layer F.CrtYd) (width 0.05))
    (fp_line (start 3.7 2.25) (end 3.7 -2.25) (layer F.CrtYd) (width 0.05))
    (fp_line (start 3.7 -2.25) (end -1.15 -2.25) (layer F.CrtYd) (width 0.05))
    (pad 1 thru_hole rect (at 0 0 180) (size 1.8 1.8) (drill 0.9) (layers *.Cu *.Mask)
      (net 1 GND))
    (pad 2 thru_hole circle (at 2.54 0 180) (size 1.8 1.8) (drill 0.9) (layers *.Cu *.Mask)
      (net 28 "Net-(D2-Pad2)"))
    (model ${KISYS3DMOD}/LEDs.3dshapes/LED_D3.0mm.wrl
      (at (xyz 0 0 0))
      (scale (xyz 0.393701 0.393701 0.393701))
      (rotate (xyz 0 0 0))
    )
  )

  (module LEDs:LED_D3.0mm (layer F.Cu) (tedit 587A3A7B) (tstamp 5E1528A8)
    (at 175.7172 100.1776 180)
    (descr "LED, diameter 3.0mm, 2 pins")
    (tags "LED diameter 3.0mm 2 pins")
    (path /5E485D48)
    (fp_text reference D3 (at 1.27 -1.524 180) (layer F.SilkS)
      (effects (font (size 1 1) (thickness 0.15)))
    )
    (fp_text value LED (at 1.27 2.96 180) (layer F.Fab)
      (effects (font (size 1 1) (thickness 0.15)))
    )
    (fp_line (start 3.7 -2.25) (end -1.15 -2.25) (layer F.CrtYd) (width 0.05))
    (fp_line (start 3.7 2.25) (end 3.7 -2.25) (layer F.CrtYd) (width 0.05))
    (fp_line (start -1.15 2.25) (end 3.7 2.25) (layer F.CrtYd) (width 0.05))
    (fp_line (start -1.15 -2.25) (end -1.15 2.25) (layer F.CrtYd) (width 0.05))
    (fp_line (start -0.29 1.08) (end -0.29 1.236) (layer F.SilkS) (width 0.12))
    (fp_line (start -0.29 -1.236) (end -0.29 -1.08) (layer F.SilkS) (width 0.12))
    (fp_line (start -0.23 -1.16619) (end -0.23 1.16619) (layer F.Fab) (width 0.1))
    (fp_circle (center 1.27 0) (end 2.77 0) (layer F.Fab) (width 0.1))
    (fp_arc (start 1.27 0) (end 0.229039 1.08) (angle -87.9) (layer F.SilkS) (width 0.12))
    (fp_arc (start 1.27 0) (end 0.229039 -1.08) (angle 87.9) (layer F.SilkS) (width 0.12))
    (fp_arc (start 1.27 0) (end -0.29 1.235516) (angle -108.8) (layer F.SilkS) (width 0.12))
    (fp_arc (start 1.27 0) (end -0.29 -1.235516) (angle 108.8) (layer F.SilkS) (width 0.12))
    (fp_arc (start 1.27 0) (end -0.23 -1.16619) (angle 284.3) (layer F.Fab) (width 0.1))
    (pad 2 thru_hole circle (at 2.54 0 180) (size 1.8 1.8) (drill 0.9) (layers *.Cu *.Mask)
      (net 26 "Net-(D3-Pad2)"))
    (pad 1 thru_hole rect (at 0 0 180) (size 1.8 1.8) (drill 0.9) (layers *.Cu *.Mask)
      (net 1 GND))
    (model ${KISYS3DMOD}/LEDs.3dshapes/LED_D3.0mm.wrl
      (at (xyz 0 0 0))
      (scale (xyz 0.393701 0.393701 0.393701))
      (rotate (xyz 0 0 0))
    )
  )

  (module Resistors_ThroughHole:R_Axial_DIN0207_L6.3mm_D2.5mm_P7.62mm_Horizontal (layer F.Cu) (tedit 5874F706) (tstamp 5E15265F)
    (at 170.7642 91.1606 180)
    (descr "Resistor, Axial_DIN0207 series, Axial, Horizontal, pin pitch=7.62mm, 0.25W = 1/4W, length*diameter=6.3*2.5mm^2, http://cdn-reichelt.de/documents/datenblatt/B400/1_4W%23YAG.pdf")
    (tags "Resistor Axial_DIN0207 series Axial Horizontal pin pitch 7.62mm 0.25W = 1/4W length 6.3mm diameter 2.5mm")
    (path /5E453CED)
    (fp_text reference R10 (at 3.81 0 180) (layer F.SilkS)
      (effects (font (size 1 1) (thickness 0.15)))
    )
    (fp_text value 470 (at 3.81 2.31 180) (layer F.Fab)
      (effects (font (size 1 1) (thickness 0.15)))
    )
    (fp_line (start 8.7 -1.6) (end -1.05 -1.6) (layer F.CrtYd) (width 0.05))
    (fp_line (start 8.7 1.6) (end 8.7 -1.6) (layer F.CrtYd) (width 0.05))
    (fp_line (start -1.05 1.6) (end 8.7 1.6) (layer F.CrtYd) (width 0.05))
    (fp_line (start -1.05 -1.6) (end -1.05 1.6) (layer F.CrtYd) (width 0.05))
    (fp_line (start 7.02 1.31) (end 7.02 0.98) (layer F.SilkS) (width 0.12))
    (fp_line (start 0.6 1.31) (end 7.02 1.31) (layer F.SilkS) (width 0.12))
    (fp_line (start 0.6 0.98) (end 0.6 1.31) (layer F.SilkS) (width 0.12))
    (fp_line (start 7.02 -1.31) (end 7.02 -0.98) (layer F.SilkS) (width 0.12))
    (fp_line (start 0.6 -1.31) (end 7.02 -1.31) (layer F.SilkS) (width 0.12))
    (fp_line (start 0.6 -0.98) (end 0.6 -1.31) (layer F.SilkS) (width 0.12))
    (fp_line (start 7.62 0) (end 6.96 0) (layer F.Fab) (width 0.1))
    (fp_line (start 0 0) (end 0.66 0) (layer F.Fab) (width 0.1))
    (fp_line (start 6.96 -1.25) (end 0.66 -1.25) (layer F.Fab) (width 0.1))
    (fp_line (start 6.96 1.25) (end 6.96 -1.25) (layer F.Fab) (width 0.1))
    (fp_line (start 0.66 1.25) (end 6.96 1.25) (layer F.Fab) (width 0.1))
    (fp_line (start 0.66 -1.25) (end 0.66 1.25) (layer F.Fab) (width 0.1))
    (pad 2 thru_hole oval (at 7.62 0 180) (size 1.6 1.6) (drill 0.8) (layers *.Cu *.Mask)
      (net 56 "Net-(R10-Pad2)"))
    (pad 1 thru_hole circle (at 0 0 180) (size 1.6 1.6) (drill 0.8) (layers *.Cu *.Mask)
      (net 22 "Net-(D1-Pad2)"))
    (model ${KISYS3DMOD}/Resistors_THT.3dshapes/R_Axial_DIN0207_L6.3mm_D2.5mm_P7.62mm_Horizontal.wrl
      (at (xyz 0 0 0))
      (scale (xyz 0.393701 0.393701 0.393701))
      (rotate (xyz 0 0 0))
    )
  )

  (module Resistors_ThroughHole:R_Axial_DIN0207_L6.3mm_D2.5mm_P7.62mm_Horizontal (layer F.Cu) (tedit 5874F706) (tstamp 5E152649)
    (at 170.7642 95.6056 180)
    (descr "Resistor, Axial_DIN0207 series, Axial, Horizontal, pin pitch=7.62mm, 0.25W = 1/4W, length*diameter=6.3*2.5mm^2, http://cdn-reichelt.de/documents/datenblatt/B400/1_4W%23YAG.pdf")
    (tags "Resistor Axial_DIN0207 series Axial Horizontal pin pitch 7.62mm 0.25W = 1/4W length 6.3mm diameter 2.5mm")
    (path /5E46043A)
    (fp_text reference R11 (at 3.81 0 180) (layer F.SilkS)
      (effects (font (size 1 1) (thickness 0.15)))
    )
    (fp_text value 470 (at 3.81 2.31 180) (layer F.Fab)
      (effects (font (size 1 1) (thickness 0.15)))
    )
    (fp_line (start 0.66 -1.25) (end 0.66 1.25) (layer F.Fab) (width 0.1))
    (fp_line (start 0.66 1.25) (end 6.96 1.25) (layer F.Fab) (width 0.1))
    (fp_line (start 6.96 1.25) (end 6.96 -1.25) (layer F.Fab) (width 0.1))
    (fp_line (start 6.96 -1.25) (end 0.66 -1.25) (layer F.Fab) (width 0.1))
    (fp_line (start 0 0) (end 0.66 0) (layer F.Fab) (width 0.1))
    (fp_line (start 7.62 0) (end 6.96 0) (layer F.Fab) (width 0.1))
    (fp_line (start 0.6 -0.98) (end 0.6 -1.31) (layer F.SilkS) (width 0.12))
    (fp_line (start 0.6 -1.31) (end 7.02 -1.31) (layer F.SilkS) (width 0.12))
    (fp_line (start 7.02 -1.31) (end 7.02 -0.98) (layer F.SilkS) (width 0.12))
    (fp_line (start 0.6 0.98) (end 0.6 1.31) (layer F.SilkS) (width 0.12))
    (fp_line (start 0.6 1.31) (end 7.02 1.31) (layer F.SilkS) (width 0.12))
    (fp_line (start 7.02 1.31) (end 7.02 0.98) (layer F.SilkS) (width 0.12))
    (fp_line (start -1.05 -1.6) (end -1.05 1.6) (layer F.CrtYd) (width 0.05))
    (fp_line (start -1.05 1.6) (end 8.7 1.6) (layer F.CrtYd) (width 0.05))
    (fp_line (start 8.7 1.6) (end 8.7 -1.6) (layer F.CrtYd) (width 0.05))
    (fp_line (start 8.7 -1.6) (end -1.05 -1.6) (layer F.CrtYd) (width 0.05))
    (pad 1 thru_hole circle (at 0 0 180) (size 1.6 1.6) (drill 0.8) (layers *.Cu *.Mask)
      (net 28 "Net-(D2-Pad2)"))
    (pad 2 thru_hole oval (at 7.62 0 180) (size 1.6 1.6) (drill 0.8) (layers *.Cu *.Mask)
      (net 55 "Net-(R11-Pad2)"))
    (model ${KISYS3DMOD}/Resistors_THT.3dshapes/R_Axial_DIN0207_L6.3mm_D2.5mm_P7.62mm_Horizontal.wrl
      (at (xyz 0 0 0))
      (scale (xyz 0.393701 0.393701 0.393701))
      (rotate (xyz 0 0 0))
    )
  )

  (module Resistors_ThroughHole:R_Axial_DIN0207_L6.3mm_D2.5mm_P7.62mm_Horizontal (layer F.Cu) (tedit 5874F706) (tstamp 5E1597F2)
    (at 170.7642 100.1776 180)
    (descr "Resistor, Axial_DIN0207 series, Axial, Horizontal, pin pitch=7.62mm, 0.25W = 1/4W, length*diameter=6.3*2.5mm^2, http://cdn-reichelt.de/documents/datenblatt/B400/1_4W%23YAG.pdf")
    (tags "Resistor Axial_DIN0207 series Axial Horizontal pin pitch 7.62mm 0.25W = 1/4W length 6.3mm diameter 2.5mm")
    (path /5E466607)
    (fp_text reference R12 (at 3.683 -0.254 180) (layer F.SilkS)
      (effects (font (size 1 1) (thickness 0.15)))
    )
    (fp_text value 470 (at 3.81 2.31 180) (layer F.Fab)
      (effects (font (size 1 1) (thickness 0.15)))
    )
    (fp_line (start 8.7 -1.6) (end -1.05 -1.6) (layer F.CrtYd) (width 0.05))
    (fp_line (start 8.7 1.6) (end 8.7 -1.6) (layer F.CrtYd) (width 0.05))
    (fp_line (start -1.05 1.6) (end 8.7 1.6) (layer F.CrtYd) (width 0.05))
    (fp_line (start -1.05 -1.6) (end -1.05 1.6) (layer F.CrtYd) (width 0.05))
    (fp_line (start 7.02 1.31) (end 7.02 0.98) (layer F.SilkS) (width 0.12))
    (fp_line (start 0.6 1.31) (end 7.02 1.31) (layer F.SilkS) (width 0.12))
    (fp_line (start 0.6 0.98) (end 0.6 1.31) (layer F.SilkS) (width 0.12))
    (fp_line (start 7.02 -1.31) (end 7.02 -0.98) (layer F.SilkS) (width 0.12))
    (fp_line (start 0.6 -1.31) (end 7.02 -1.31) (layer F.SilkS) (width 0.12))
    (fp_line (start 0.6 -0.98) (end 0.6 -1.31) (layer F.SilkS) (width 0.12))
    (fp_line (start 7.62 0) (end 6.96 0) (layer F.Fab) (width 0.1))
    (fp_line (start 0 0) (end 0.66 0) (layer F.Fab) (width 0.1))
    (fp_line (start 6.96 -1.25) (end 0.66 -1.25) (layer F.Fab) (width 0.1))
    (fp_line (start 6.96 1.25) (end 6.96 -1.25) (layer F.Fab) (width 0.1))
    (fp_line (start 0.66 1.25) (end 6.96 1.25) (layer F.Fab) (width 0.1))
    (fp_line (start 0.66 -1.25) (end 0.66 1.25) (layer F.Fab) (width 0.1))
    (pad 2 thru_hole oval (at 7.62 0 180) (size 1.6 1.6) (drill 0.8) (layers *.Cu *.Mask)
      (net 54 "Net-(R12-Pad2)"))
    (pad 1 thru_hole circle (at 0 0 180) (size 1.6 1.6) (drill 0.8) (layers *.Cu *.Mask)
      (net 26 "Net-(D3-Pad2)"))
    (model ${KISYS3DMOD}/Resistors_THT.3dshapes/R_Axial_DIN0207_L6.3mm_D2.5mm_P7.62mm_Horizontal.wrl
      (at (xyz 0 0 0))
      (scale (xyz 0.393701 0.393701 0.393701))
      (rotate (xyz 0 0 0))
    )
  )

  (module Resistors_ThroughHole:R_Axial_DIN0207_L6.3mm_D2.5mm_P7.62mm_Horizontal (layer F.Cu) (tedit 5874F706) (tstamp 5E151370)
    (at 121.2342 97.5106 90)
    (descr "Resistor, Axial_DIN0207 series, Axial, Horizontal, pin pitch=7.62mm, 0.25W = 1/4W, length*diameter=6.3*2.5mm^2, http://cdn-reichelt.de/documents/datenblatt/B400/1_4W%23YAG.pdf")
    (tags "Resistor Axial_DIN0207 series Axial Horizontal pin pitch 7.62mm 0.25W = 1/4W length 6.3mm diameter 2.5mm")
    (path /5E44D470)
    (fp_text reference R9 (at 3.683 0 90) (layer F.SilkS)
      (effects (font (size 1 1) (thickness 0.15)))
    )
    (fp_text value 0r (at 3.81 2.31 90) (layer F.Fab)
      (effects (font (size 1 1) (thickness 0.15)))
    )
    (fp_line (start 8.7 -1.6) (end -1.05 -1.6) (layer F.CrtYd) (width 0.05))
    (fp_line (start 8.7 1.6) (end 8.7 -1.6) (layer F.CrtYd) (width 0.05))
    (fp_line (start -1.05 1.6) (end 8.7 1.6) (layer F.CrtYd) (width 0.05))
    (fp_line (start -1.05 -1.6) (end -1.05 1.6) (layer F.CrtYd) (width 0.05))
    (fp_line (start 7.02 1.31) (end 7.02 0.98) (layer F.SilkS) (width 0.12))
    (fp_line (start 0.6 1.31) (end 7.02 1.31) (layer F.SilkS) (width 0.12))
    (fp_line (start 0.6 0.98) (end 0.6 1.31) (layer F.SilkS) (width 0.12))
    (fp_line (start 7.02 -1.31) (end 7.02 -0.98) (layer F.SilkS) (width 0.12))
    (fp_line (start 0.6 -1.31) (end 7.02 -1.31) (layer F.SilkS) (width 0.12))
    (fp_line (start 0.6 -0.98) (end 0.6 -1.31) (layer F.SilkS) (width 0.12))
    (fp_line (start 7.62 0) (end 6.96 0) (layer F.Fab) (width 0.1))
    (fp_line (start 0 0) (end 0.66 0) (layer F.Fab) (width 0.1))
    (fp_line (start 6.96 -1.25) (end 0.66 -1.25) (layer F.Fab) (width 0.1))
    (fp_line (start 6.96 1.25) (end 6.96 -1.25) (layer F.Fab) (width 0.1))
    (fp_line (start 0.66 1.25) (end 6.96 1.25) (layer F.Fab) (width 0.1))
    (fp_line (start 0.66 -1.25) (end 0.66 1.25) (layer F.Fab) (width 0.1))
    (pad 2 thru_hole oval (at 7.62 0 90) (size 1.6 1.6) (drill 0.8) (layers *.Cu *.Mask)
      (net 45 /RST_N))
    (pad 1 thru_hole circle (at 0 0 90) (size 1.6 1.6) (drill 0.8) (layers *.Cu *.Mask)
      (net 53 "Net-(R9-Pad1)"))
    (model ${KISYS3DMOD}/Resistors_THT.3dshapes/R_Axial_DIN0207_L6.3mm_D2.5mm_P7.62mm_Horizontal.wrl
      (at (xyz 0 0 0))
      (scale (xyz 0.393701 0.393701 0.393701))
      (rotate (xyz 0 0 0))
    )
  )

  (module Capacitors_ThroughHole:CP_Radial_D5.0mm_P2.50mm (layer F.Cu) (tedit 597BC7C2) (tstamp 5E13D956)
    (at 170.7642 105.3846)
    (descr "CP, Radial series, Radial, pin pitch=2.50mm, , diameter=5mm, Electrolytic Capacitor")
    (tags "CP Radial series Radial pin pitch 2.50mm  diameter 5mm Electrolytic Capacitor")
    (path /5E0EF729)
    (fp_text reference C2 (at 0.127 -1.905) (layer F.SilkS)
      (effects (font (size 1 1) (thickness 0.15)))
    )
    (fp_text value "EB-A 10U 63" (at 1.25 3.81) (layer F.Fab)
      (effects (font (size 1 1) (thickness 0.15)))
    )
    (fp_text user %R (at 1.25 0) (layer F.Fab)
      (effects (font (size 1 1) (thickness 0.15)))
    )
    (fp_line (start 4.1 -2.85) (end -1.6 -2.85) (layer F.CrtYd) (width 0.05))
    (fp_line (start 4.1 2.85) (end 4.1 -2.85) (layer F.CrtYd) (width 0.05))
